{
  "name": "mu_ZZZ_NLO_13TeV",
  "doc": "Signal strength for ZZZ production at the 13 TeV LHC at NLO. NLO SM prediction of 13.7 fb.",
  "params": [ "cpdc", "cpWB", "cdp", "cpW", "cpBB", "c3pl1", "c3pl2", "cpqMi", "cpq3i", "cpu", "cpd", "cll" ],

  "constant": 1.0,
  "linear": [ 0.0648, 0.188, 0.0131, 0.0756, 0.00282, -0.1819, -0.1819, 0.12, 0.86, 0.0608, -0.0182, 0.1819 ],

  "quadratic": [
  [ 0.00272, 0.00448, 0.000215, 0.00186, -0.000577, -0.002946, -0.002946, -0.00956, 0.00704, -0.00386, 0.000532, 0.002946 ],
 [ 0.00448, 0.0167, 0.00111, 0.0133, 0.00425, -0.008548, -0.008548, -0.00351, 0.0553, 0.025, -0.00874, 0.008548 ],
 [ 0.000215, 0.00111, 0.00046, 0.00228, 0.000204, -0.0005956, -0.0005956, -0.00174, 0.0122, 0.00324, -0.00096, 0.0005956 ],
 [ 0.00186, 0.0133, 0.00228, 0.0434, -0.00176, -0.003437, -0.003437, -0.0337, 0.097, -0.000597, 0.0012, 0.003437 ],
 [ -0.000577, 0.00425, 0.000204, -0.00176, 0.00584, -0.0001282, -0.0001282, 0.0127, 0.00756, 0.033, -0.0102, 0.0001282 ],
 [ -0.002946, -0.008548, -0.0005956, -0.003437, -0.0001282, 0.008271, 0.008271, -0.005456, -0.0391, -0.002764, 0.0008275, -0.008271 ],
 [ -0.002946, -0.008548, -0.0005956, -0.003437, -0.0001282, 0.008271, 0.008271, -0.005456, -0.0391, -0.002764, 0.0008275, -0.008271 ],
 [ -0.00956, -0.00351, -0.00174, -0.0337, 0.0127, -0.005456, -0.005456, 1.24, 0.9, -0.0125, -0.00256, 0.005456 ],
 [ 0.00704, 0.0553, 0.0122, 0.097, 0.00756, -0.0391, -0.0391, 0.9, 1.85, -0.00691, 0.00552, 0.0391 ],
 [ -0.00386, 0.025, 0.00324, -0.000597, 0.033, -0.002764, -0.002764, -0.0125, -0.00691, 0.751, 0.00645, 0.002764 ],
 [ 0.000532, -0.00874, -0.00096, 0.0012, -0.0102, 0.0008275, 0.0008275, -0.00256, 0.00552, 0.00645, 0.425, -0.0008275 ],
 [ 0.002946, 0.008548, 0.0005956, 0.003437, 0.0001282, -0.008271, -0.008271, 0.005456, 0.0391, 0.002764, -0.0008275, 0.008271 ]
  ],
  "lambda_gen": 1000.0
}