{
  "params": [ "cpdc", "cpWB", "cpl1", "c3pl1", "c3pl2", "cpe", "cll" ],

  "constant": 0.083919,
  "linear": [ -0.00084687, 0.0018178, 0.011148, 0.0060611, -0.0050874, -0.0089647, 0.0050875 ],

  "quadratic": [
  [ 0.00072996, 0.000775, 0.00038935, 0.00040216, 1.285e-05, 0.00054172, -1.2819e-05 ],
 [ 0.000775, 0.00084472, 0.00050747, 0.00047997, -2.7554e-05, 0.00050743, 2.7536e-05 ],
 [ 0.00038935, 0.00050747, 0.00060963, 0.00044069, -0.00016895, 0.0, 0.00016898 ],
 [ 0.00040216, 0.00047997, 0.00044069, 0.00034884, -9.1851e-05, 0.00013587, 9.1859e-05 ],
 [ 1.285e-05, -2.7554e-05, -0.00016895, -9.1851e-05, 7.7104e-05, 0.00013585, -7.7104e-05 ],
 [ 0.00054172, 0.00050743, 0.0, 0.00013587, 0.00013585, 0.00060967, -0.00013588 ],
 [ -1.2819e-05, 2.7536e-05, 0.00016898, 9.1859e-05, -7.7104e-05, -0.00013588, 7.7105e-05 ]
  ],
  "lambda_gen": 1000.0
}