{
  "params": [ "cpdc", "cpWB", "c3pl1", "c3pl2", "c3pl3", "cpl1", "cpl2", "cpl3", "cpe", "cpmu", "cpta", "cll" ],
 
  "constant": 1.0, 
  "linear": [ -0.02573, 0.005707, -0.01944, -0.01932, 0.04123, -0.01258, -0.01258, -0.01258, -0.01258, -0.01258, -0.01258, 0.06063 ],
 
  "quadratic": [
  [ 0.003042, 0.00314, 0.000711, 0.000711, 0.0003125, 0.0007204, 0.0007204, 0.0007204, 0.0007204, 0.0007204, 0.0007204, -0.0003983 ],
 [ 0.00314, 0.003505, 0.0006228, 0.0006228, 0.0006903, 0.0006903, 0.0006903, 0.0006903, 0.0006903, 0.0006903, 0.0006903, 6.749e-05 ],
 [ 0.000711, 0.0006228, 0.0013, -0.0003311, -0.000625, 0.0001906, 0.0001906, 0.0001906, 0.0001906, 0.0001906, 0.0001906, -0.0002938 ],
 [ 0.000711, 0.0006228, -0.0003311, 0.0013, -0.000625, 0.0001906, 0.0001906, 0.0001906, 0.0001906, 0.0001906, 0.0001906, -0.0002938 ],
 [ 0.0003125, 0.0006903, -0.000625, -0.000625, 0.001631, 0.0, 0.0, 1.338e-08, 0.0, 0.0, -2.676e-08, 0.000625 ],
 [ 0.0007204, 0.0006903, 0.0001906, 0.0001906, 0.0, 0.001631, 0.0, 0.0, -2.676e-08, 0.0, 0.0, -0.0001906 ],
 [ 0.0007204, 0.0006903, 0.0001906, 0.0001906, 0.0, 0.0, 0.001631, 0.0, 0.0, -2.676e-08, 0.0, -0.0001906 ],
 [ 0.0007204, 0.0006903, 0.0001906, 0.0001906, 1.338e-08, 0.0, 0.0, 0.001631, 0.0, 0.0, -2.676e-08, -0.0001906 ],
 [ 0.0007204, 0.0006903, 0.0001906, 0.0001906, 0.0, -2.676e-08, 0.0, 0.0, 0.0008157, 0.0, 0.0, -0.0001906 ],
 [ 0.0007204, 0.0006903, 0.0001906, 0.0001906, 0.0, 0.0, -2.676e-08, 0.0, 0.0, 0.0008157, 0.0, -0.0001906 ],
 [ 0.0007204, 0.0006903, 0.0001906, 0.0001906, -2.676e-08, 0.0, 0.0, -2.676e-08, 0.0, 0.0, 0.0008157, -0.0001906 ],
 [ -0.0003983, 6.749e-05, -0.0002938, -0.0002938, 0.000625, -0.0001906, -0.0001906, -0.0001906, -0.0001906, -0.0001906, -0.0001906, 0.0009189 ]
  ], 
  "lambda_gen": 1000.0
}
