{
  "params": [ "cpdc", "cpl1", "cpl2", "cpl3", "c3pl1", "c3pl2", "c3pl3", "cll" ],

  "constant": 1.0,
  "linear": [ -0.030311, -0.040417, -0.040413, -0.040417, -0.020207, -0.020207, 0.040414, 0.060622 ],

  "quadratic": [
  [ 0.0002297, 0.00030633, 0.00030627, 0.00030623, 0.00015313, 0.00015312, -0.00030622, -0.00045938 ],
 [ 0.00030633, 0.001225, 0.0, 0.0, -0.0006125, 0.00061259, 0.0, -0.00061252 ],
 [ 0.00030627, 0.0, 0.0012251, 0.0, 0.00061252, -0.00061258, 0.0, -0.00061251 ],
 [ 0.00030623, 0.0, 0.0, 0.0012251, 0.00061249, 0.0006125, -0.0012251, -0.00061254 ],
 [ 0.00015313, -0.0006125, 0.00061252, 0.00061249, 0.0009188, -0.00030631, -0.00061253, -0.00030627 ],
 [ 0.00015312, 0.00061259, -0.00061258, 0.0006125, -0.00030631, 0.0009189, -0.00061256, -0.00030632 ],
 [ -0.00030622, 0.0, 0.0, -0.0012251, -0.00061253, -0.00061256, 0.001225, 0.0006126 ],
 [ -0.00045938, -0.00061252, -0.00061251, -0.00061254, -0.00030627, -0.00030632, 0.0006126, 0.0009188 ]
  ],
  "lambda_gen": 1000.0
}