# This file contains preliminary data from the ATLAS collaboration corresponding to Figure fig_10 in the auxiliary material of conference note ATLAS-CONF-2020-027.
# 
# Title: A combination of measurements of Higgs boson production and decay using up to $139$ fb$^{-1}$ of proton--proton collision data at $\sqrt{s}=$ 13 TeV collected with the ATLAS experiment
# Reference: ATLAS-CONF-2020-027 
# Link: https://atlas.web.cern.ch/Atlas/GROUPS/PHYSICS/CONFNOTES/ATLAS-CONF-2020-027 
# 
# The ATLAS collaboration releases these data for the purpose of preliminary studies. 
# ATLAS recommends not to use these preliminary data for publications. 
#
POI, GG2H_0J_PTH_0_10_ZZ, GG2H_0J_PTH_GT10_ZZ, GG2H_1J_PTH_0_60_ZZ, GG2H_1J_PTH_60_120_ZZ, GG2H_1J_PTH_120_200_ZZ, GG2H_GE2J_MJJ_0_350_PTH_0_120_ZZ, GG2H_GE2J_MJJ_0_350_PTH_120_200_ZZ, GG2H_GE2J_MJJ_GT350_PTH_0_200_ZZ, GG2H_PTH_200_300_ZZ, GG2H_PTH_300_450_ZZ, GG2H_PTH_GT450_ZZ, QQ2HQQ_LE1J_ZZ, QQ2HQQ_GE2J_MJJ_0_60_OR_120_350_ZZ, QQ2HQQ_GE2J_MJJ_60_120_ZZ, QQ2HQQ_GE2J_MJJ_350_700_PTH_0_200_ZZ, QQ2HQQ_GE2J_MJJ_GT700_PTH_0_200_ZZ, QQ2HQQ_GE2J_MJJ_GT350_PTH_GT200_ZZ, QQ2HLNU_PTV_0_75_ZZ, QQ2HLNU_PTV_75_150_ZZ, QQ2HLNU_PTV_150_250_ZZ, QQ2HLNU_PTV_GT250_ZZ, ZHLL_PTV_0_150_ZZ, ZHLL_PTV_150_250_ZZ, ZHLL_PTV_GT250_ZZ, TTH_PTH_0_60_ZZ, TTH_PTH_60_120_ZZ, TTH_PTH_120_200_ZZ, TTH_PTH_GT200_ZZ, TH_ZZ, BR_YY_O_ZZ, BR_BB_O_ZZ
GG2H_0J_PTH_0_10_ZZ,                  1.00,  0.04,  0.02,  0.07,  0.03,  0.03,  0.02,  0.07,  0.07,  0.01,  0.03,  -0.00, 0.04,  0.03,  0.02,  0.11,  0.09,  0.07,  0.06,  0.06,  0.06,  0.01,  0.07,  0.06,  0.03,  0.05,  0.05,  0.06,  0.02,  -0.27, -0.06
GG2H_0J_PTH_GT10_ZZ,                  0.04,  1.00,  -0.28, 0.26,  0.14,  -0.06, 0.13,  0.03,  0.22,  0.06,  0.08,  -0.05, 0.02,  0.02,  0.09,  0.18,  0.13,  0.10,  0.10,  0.10,  0.11,  -0.01, 0.10,  0.10,  0.04,  0.06,  0.08,  0.08,  0.02,  -0.38, -0.10
GG2H_1J_PTH_0_60_ZZ,                  0.02,  -0.28, 1.00,  0.13,  0.12,  -0.04, -0.02, 0.03,  0.05,  0.02,  0.02,  -0.31, 0.04,  0.03,  0.04,  0.11,  0.06,  0.01,  0.02,  0.02,  0.01,  0.02,  0.02,  0.02,  0.01,  0.02,  0.02,  0.02,  0.01,  -0.09, -0.01
GG2H_1J_PTH_60_120_ZZ,                0.07,  0.26,  0.13,  1.00,  0.29,  -0.21, 0.10,  0.02,  0.24,  0.08,  0.08,  -0.46, 0.02,  0.02,  0.08,  0.18,  0.11,  0.07,  0.06,  0.07,  0.08,  -0.01, 0.08,  0.07,  0.03,  0.05,  0.05,  0.05,  0.01,  -0.28, -0.08
GG2H_1J_PTH_120_200_ZZ,               0.03,  0.14,  0.12,  0.29,  1.00,  -0.03, -0.07, 0.01,  0.14,  0.05,  0.05,  -0.44, 0.00,  0.02,  0.04,  0.09,  0.05,  0.03,  0.02,  0.02,  0.03,  -0.00, 0.03,  0.02,  0.01,  0.02,  0.02,  0.02,  0.00,  -0.12, -0.03
GG2H_GE2J_MJJ_0_350_PTH_0_120_ZZ,     0.03,  -0.06, -0.04, -0.21, -0.03, 1.00,  0.17,  0.01,  0.13,  0.11,  0.06,  0.01,  -0.46, -0.18, 0.01,  -0.00, -0.01, 0.01,  0.01,  0.01,  0.01,  -0.00, 0.01,  0.01,  0.01,  0.01,  0.02,  0.03,  -0.02, -0.05, -0.01
GG2H_GE2J_MJJ_0_350_PTH_120_200_ZZ,   0.02,  0.13,  -0.02, 0.10,  -0.07, 0.17,  1.00,  -0.00, 0.23,  0.15,  0.11,  0.01,  -0.48, -0.28, 0.04,  0.02,  0.01,  0.03,  0.03,  0.04,  0.04,  -0.01, 0.03,  0.04,  0.02,  0.03,  0.03,  0.04,  -0.01, -0.15, -0.04
GG2H_GE2J_MJJ_GT350_PTH_0_200_ZZ,     0.07,  0.03,  0.03,  0.02,  0.01,  0.01,  -0.00, 1.00,  0.08,  0.05,  0.06,  -0.03, -0.05, 0.04,  -0.46, -0.20, 0.04,  0.05,  0.04,  0.04,  0.04,  0.01,  0.05,  0.04,  0.03,  0.05,  0.06,  0.08,  -0.06, -0.17, -0.05
GG2H_PTH_200_300_ZZ,                  0.07,  0.22,  0.05,  0.24,  0.14,  0.13,  0.23,  0.08,  1.00,  0.10,  0.12,  -0.15, -0.26, -0.17, 0.06,  0.13,  -0.05, 0.08,  0.08,  0.06,  0.07,  0.01,  0.07,  0.06,  0.04,  0.06,  0.07,  0.07,  -0.03, -0.32, -0.07
GG2H_PTH_300_450_ZZ,                  0.01,  0.06,  0.02,  0.08,  0.05,  0.11,  0.15,  0.05,  0.10,  1.00,  0.05,  -0.07, -0.20, -0.10, 0.01,  0.01,  -0.09, 0.01,  0.02,  0.01,  0.01,  -0.00, 0.01,  0.01,  0.02,  0.02,  0.06,  0.01,  -0.03, -0.04, -0.01
GG2H_PTH_GT450_ZZ,                    0.03,  0.08,  0.02,  0.08,  0.05,  0.06,  0.11,  0.06,  0.12,  0.05,  1.00,  -0.04, -0.11, -0.01, 0.02,  0.06,  -0.01, 0.03,  0.03,  0.03,  0.04,  0.00,  0.04,  0.04,  0.02,  0.03,  0.05,  0.03,  -0.01, -0.14, -0.04
QQ2HQQ_LE1J_ZZ,                       -0.00, -0.05, -0.31, -0.46, -0.44, 0.01,  0.01,  -0.03, -0.15, -0.07, -0.04, 1.00,  -0.01, -0.01, -0.04, -0.12, -0.02, 0.01,  0.01,  0.01,  0.01,  -0.00, 0.01,  0.01,  0.01,  0.01,  0.02,  0.02,  0.02,  -0.06, -0.01
QQ2HQQ_GE2J_MJJ_0_60_OR_120_350_ZZ,   0.04,  0.02,  0.04,  0.02,  0.00,  -0.46, -0.48, -0.05, -0.26, -0.20, -0.11, -0.01, 1.00,  0.11,  -0.00, 0.14,  0.10,  0.03,  0.02,  0.02,  0.02,  0.01,  0.03,  0.02,  0.01,  0.01,  0.03,  0.02,  0.00,  -0.09, -0.02
QQ2HQQ_GE2J_MJJ_60_120_ZZ,            0.03,  0.02,  0.03,  0.02,  0.02,  -0.18, -0.28, 0.04,  -0.17, -0.10, -0.01, -0.01, 0.11,  1.00,  0.00,  0.04,  0.06,  0.02,  0.02,  0.01,  0.02,  0.01,  0.02,  0.02,  0.01,  0.02,  0.01,  0.02,  -0.00, -0.09, -0.02
QQ2HQQ_GE2J_MJJ_350_700_PTH_0_200_ZZ, 0.02,  0.09,  0.04,  0.08,  0.04,  0.01,  0.04,  -0.46, 0.06,  0.01,  0.02,  -0.04, -0.00, 0.00,  1.00,  0.21,  0.09,  0.03,  0.03,  0.03,  0.02,  0.01,  0.03,  0.03,  0.01,  0.02,  0.02,  0.02,  0.02,  -0.12, -0.02
QQ2HQQ_GE2J_MJJ_GT700_PTH_0_200_ZZ,   0.11,  0.18,  0.11,  0.18,  0.09,  -0.00, 0.02,  -0.20, 0.13,  0.01,  0.06,  -0.12, 0.14,  0.04,  0.21,  1.00,  0.22,  0.10,  0.08,  0.08,  0.08,  0.02,  0.09,  0.08,  0.05,  0.07,  0.08,  0.09,  0.02,  -0.38, -0.09
QQ2HQQ_GE2J_MJJ_GT350_PTH_GT200_ZZ,   0.09,  0.13,  0.06,  0.11,  0.05,  -0.01, 0.01,  0.04,  -0.05, -0.09, -0.01, -0.02, 0.10,  0.06,  0.09,  0.22,  1.00,  0.08,  0.07,  0.07,  0.08,  0.01,  0.08,  0.07,  0.04,  0.06,  0.06,  0.08,  0.01,  -0.32, -0.08
QQ2HLNU_PTV_0_75_ZZ,                  0.07,  0.10,  0.01,  0.07,  0.03,  0.01,  0.03,  0.05,  0.08,  0.01,  0.03,  0.01,  0.03,  0.02,  0.03,  0.10,  0.08,  1.00,  -0.16, 0.10,  0.08,  -0.04, 0.08,  0.08,  0.03,  0.04,  0.05,  0.07,  -0.03, -0.23, -0.09
QQ2HLNU_PTV_75_150_ZZ,                0.06,  0.10,  0.02,  0.06,  0.02,  0.01,  0.03,  0.04,  0.08,  0.02,  0.03,  0.01,  0.02,  0.02,  0.03,  0.08,  0.07,  -0.16, 1.00,  -0.12, -0.03, -0.12, -0.03, -0.04, 0.03,  0.04,  0.04,  0.06,  -0.05, -0.20, 0.05
QQ2HLNU_PTV_150_250_ZZ,               0.06,  0.10,  0.02,  0.07,  0.02,  0.01,  0.04,  0.04,  0.06,  0.01,  0.03,  0.01,  0.02,  0.01,  0.03,  0.08,  0.07,  0.10,  -0.12, 1.00,  0.62,  -0.27, 0.60,  0.65,  0.03,  0.04,  0.02,  0.04,  -0.04, -0.21, -0.76
QQ2HLNU_PTV_GT250_ZZ,                 0.06,  0.11,  0.01,  0.08,  0.03,  0.01,  0.04,  0.04,  0.07,  0.01,  0.04,  0.01,  0.02,  0.02,  0.02,  0.08,  0.08,  0.08,  -0.03, 0.62,  1.00,  -0.24, 0.67,  0.68,  0.03,  0.04,  0.03,  0.04,  -0.03, -0.22, -0.83
ZHLL_PTV_0_150_ZZ,                    0.01,  -0.01, 0.02,  -0.01, -0.00, -0.00, -0.01, 0.01,  0.01,  -0.00, 0.00,  -0.00, 0.01,  0.01,  0.01,  0.02,  0.01,  -0.04, -0.12, -0.27, -0.24, 1.00,  -0.26, -0.25, 0.00,  0.00,  0.01,  0.01,  0.01,  -0.02, 0.30
ZHLL_PTV_150_250_ZZ,                  0.07,  0.10,  0.02,  0.08,  0.03,  0.01,  0.03,  0.05,  0.07,  0.01,  0.04,  0.01,  0.03,  0.02,  0.03,  0.09,  0.08,  0.08,  -0.03, 0.60,  0.67,  -0.26, 1.00,  0.69,  0.03,  0.04,  0.04,  0.04,  -0.03, -0.22, -0.79
ZHLL_PTV_GT250_ZZ,                    0.06,  0.10,  0.02,  0.07,  0.02,  0.01,  0.04,  0.04,  0.06,  0.01,  0.04,  0.01,  0.02,  0.02,  0.03,  0.08,  0.07,  0.08,  -0.04, 0.65,  0.68,  -0.25, 0.69,  1.00,  0.03,  0.04,  0.03,  0.03,  -0.03, -0.21, -0.84
TTH_PTH_0_60_ZZ,                      0.03,  0.04,  0.01,  0.03,  0.01,  0.01,  0.02,  0.03,  0.04,  0.02,  0.02,  0.01,  0.01,  0.01,  0.01,  0.05,  0.04,  0.03,  0.03,  0.03,  0.03,  0.00,  0.03,  0.03,  1.00,  -0.01, 0.04,  0.06,  -0.11, -0.10, -0.03
TTH_PTH_60_120_ZZ,                    0.05,  0.06,  0.02,  0.05,  0.02,  0.01,  0.03,  0.05,  0.06,  0.02,  0.03,  0.01,  0.01,  0.02,  0.02,  0.07,  0.06,  0.04,  0.04,  0.04,  0.04,  0.00,  0.04,  0.04,  -0.01, 1.00,  0.03,  0.11,  -0.20, -0.15, -0.04
TTH_PTH_120_200_ZZ,                   0.05,  0.08,  0.02,  0.05,  0.02,  0.02,  0.03,  0.06,  0.07,  0.06,  0.05,  0.02,  0.03,  0.01,  0.02,  0.08,  0.06,  0.05,  0.04,  0.02,  0.03,  0.01,  0.04,  0.03,  0.04,  0.03,  1.00,  0.11,  -0.21, -0.17, -0.03
TTH_PTH_GT200_ZZ,                     0.06,  0.08,  0.02,  0.05,  0.02,  0.03,  0.04,  0.08,  0.07,  0.01,  0.03,  0.02,  0.02,  0.02,  0.02,  0.09,  0.08,  0.07,  0.06,  0.04,  0.04,  0.01,  0.04,  0.03,  0.06,  0.11,  0.11,  1.00,  -0.41, -0.20, -0.04
TH_ZZ,                                0.02,  0.02,  0.01,  0.01,  0.00,  -0.02, -0.01, -0.06, -0.03, -0.03, -0.01, 0.02,  0.00,  -0.00, 0.02,  0.02,  0.01,  -0.03, -0.05, -0.04, -0.03, 0.01,  -0.03, -0.03, -0.11, -0.20, -0.21, -0.41, 1.00,  -0.05, 0.03
BR_YY_O_ZZ,                           -0.27, -0.38, -0.09, -0.28, -0.12, -0.05, -0.15, -0.17, -0.32, -0.04, -0.14, -0.06, -0.09, -0.09, -0.12, -0.38, -0.32, -0.23, -0.20, -0.21, -0.22, -0.02, -0.22, -0.21, -0.10, -0.15, -0.17, -0.20, -0.05, 1.00,  0.24
BR_BB_O_ZZ,                           -0.06, -0.10, -0.01, -0.08, -0.03, -0.01, -0.04, -0.05, -0.07, -0.01, -0.04, -0.01, -0.02, -0.02, -0.02, -0.09, -0.08, -0.09, 0.05,  -0.76, -0.83, 0.30,  -0.79, -0.84, -0.03, -0.04, -0.03, -0.04, 0.03,  0.24,  1.00