{
  "name": "r_dsig_dMemu_WW_ATLAS_13TeV_NLO",
  "params": [ "cpdc", "cpWB", "cWWW", "c3pl1", "c3pl2", "cpqMi", "cpq3i", "cpu", "cpd", "cll" ],

  "constant": [ 1.0, 1.0, 1.0, 1.0, 1.0, 1.0, 1.0, 1.0, 1.0, 1.0, 1.0, 1.0, 1.0 ],

  "linear": [
  [ -0.001312, 0.000129, -0.005399, -0.1212, -0.1212, 0.007937, 0.2641, 0.004639, -0.002, 0.1212 ],
 [ -0.00185, -5.8e-05, -0.004098, -0.1212, -0.1212, 0.008642, 0.2738, 0.006651, -0.002753, 0.1212 ],
 [ -0.002288, -0.000143, -0.002325, -0.1212, -0.1212, 0.009439, 0.2818, 0.008055, -0.003471, 0.1212 ],
 [ -0.002667, -0.000273, -0.000347, -0.1212, -0.1212, 0.01022, 0.2926, 0.01002, -0.00427, 0.1212 ],
 [ -0.002901, -0.000282, 0.00124, -0.1212, -0.1212, 0.01026, 0.3038, 0.01204, -0.005205, 0.1212 ],
 [ -0.002953, -0.000312, 0.003009, -0.1212, -0.1212, 0.009764, 0.31, 0.0138, -0.005774, 0.1212 ],
 [ -0.002876, -0.000194, 0.004362, -0.1212, -0.1212, 0.008833, 0.3211, 0.01553, -0.006357, 0.1212 ],
 [ -0.002705, -0.000111, 0.005421, -0.1212, -0.1212, 0.00794, 0.33, 0.01766, -0.006909, 0.1212 ],
 [ -0.002504, -4e-06, 0.006346, -0.1212, -0.1212, 0.007707, 0.3431, 0.02038, -0.007814, 0.1212 ],
 [ -0.002293, 0.000145, 0.00702, -0.1212, -0.1212, 0.009328, 0.3703, 0.02525, -0.009136, 0.1212 ],
 [ -0.001985, 0.000324, 0.006954, -0.1212, -0.1212, 0.01673, 0.423, 0.03456, -0.01206, 0.1212 ],
 [ -0.001765, 0.00056, 0.003993, -0.1212, -0.1212, 0.04268, 0.5512, 0.05711, -0.01855, 0.1212 ],
 [ -0.001417, 0.000901, -0.007759, -0.1212, -0.1212, 0.141, 0.9054, 0.1176, -0.03341, 0.1212 ]
  ],
  "quadratic": [
  [ [ 5.524e-05, 3.75e-06, -5.999e-05, 3.977e-05, 3.977e-05, -0.0001417, -0.0004381, -0.000251, 0.0001105, -3.977e-05 ],
 [ 3.75e-06, 0.0001685, -0.0001478, -3.91e-06, -3.91e-06, 9.992e-05, -0.0003114, 0.0002776, -0.0001305, 3.91e-06 ],
 [ -5.999e-05, -0.0001478, 0.003185, 0.0001637, 0.0001637, -4.308e-05, -6.605e-05, -1.86e-05, 5.231e-05, -0.0001637 ],
 [ 3.977e-05, -3.91e-06, 0.0001637, 0.003674, 0.003674, -0.0002406, -0.008007, -0.0001406, 6.062e-05, -0.003674 ],
 [ 3.977e-05, -3.91e-06, 0.0001637, 0.003674, 0.003674, -0.0002406, -0.008007, -0.0001406, 6.062e-05, -0.003674 ],
 [ -0.0001417, 9.992e-05, -4.308e-05, -0.0002406, -0.0002406, 0.005268, 0.006062, -3.831e-05, -1.686e-05, 0.0002406 ],
 [ -0.0004381, -0.0003114, -6.605e-05, -0.008007, -0.008007, 0.006062, 0.02746, 8.609e-05, 0.000107, 0.008007 ],
 [ -0.000251, 0.0002776, -1.86e-05, -0.0001406, -0.0001406, -3.831e-05, 8.609e-05, 0.002866, -2.28e-05, 0.0001406 ],
 [ 0.0001105, -0.0001305, 5.231e-05, 6.062e-05, 6.062e-05, -1.686e-05, 0.000107, -2.28e-05, 0.002405, -6.062e-05 ],
 [ -3.977e-05, 3.91e-06, -0.0001637, -0.003674, -0.003674, 0.0002406, 0.008007, 0.0001406, -6.062e-05, 0.003674 ]
    ], [
  [ 6.877e-05, -1.109e-05, -9.166e-05, 5.608e-05, 5.608e-05, -0.0001882, -0.0007119, -0.0002774, 0.000162, -5.608e-05 ],
 [ -1.109e-05, 0.0002747, -0.0002146, 1.758e-06, 1.758e-06, 0.000183, -0.0004421, 0.0005553, -0.0001638, -1.758e-06 ],
 [ -9.166e-05, -0.0002146, 0.005205, 0.0001242, 0.0001242, 9.4e-07, 0.0006592, -3.696e-05, 9.946e-05, -0.0001242 ],
 [ 5.608e-05, 1.758e-06, 0.0001242, 0.003674, 0.003674, -0.000262, -0.008299, -0.0002016, 8.345e-05, -0.003674 ],
 [ 5.608e-05, 1.758e-06, 0.0001242, 0.003674, 0.003674, -0.000262, -0.008299, -0.0002016, 8.345e-05, -0.003674 ],
 [ -0.0001882, 0.000183, 9.4e-07, -0.000262, -0.000262, 0.008532, 0.009503, -4.935e-05, 5.653e-05, 0.000262 ],
 [ -0.0007119, -0.0004421, 0.0006592, -0.008299, -0.008299, 0.009503, 0.03539, -6.831e-05, -0.0001097, 0.008299 ],
 [ -0.0002774, 0.0005553, -3.696e-05, -0.0002016, -0.0002016, -4.935e-05, -6.831e-05, 0.00463, 3.064e-05, 0.0002016 ],
 [ 0.000162, -0.0001638, 9.946e-05, 8.345e-05, 8.345e-05, 5.653e-05, -0.0001097, 3.064e-05, 0.003761, -8.345e-05 ],
 [ -5.608e-05, -1.758e-06, -0.0001242, -0.003674, -0.003674, 0.000262, 0.008299, 0.0002016, -8.345e-05, 0.003674 ]
    ], [
  [ 7.78e-05, -1.22e-05, -0.0002186, 6.935e-05, 6.935e-05, -0.0002713, -0.0007479, -0.0003206, 0.0002461, -6.935e-05 ],
 [ -1.22e-05, 0.0003425, -0.0003026, 4.335e-06, 4.335e-06, 0.0002272, -0.0005439, 0.0009064, -0.0003143, -4.335e-06 ],
 [ -0.0002186, -0.0003026, 0.007879, 7.048e-05, 7.048e-05, -0.0001475, 0.001157, -0.000139, -1.409e-05, -7.048e-05 ],
 [ 6.935e-05, 4.335e-06, 7.048e-05, 0.003674, 0.003674, -0.0002861, -0.008541, -0.0002442, 0.0001052, -0.003674 ],
 [ 6.935e-05, 4.335e-06, 7.048e-05, 0.003674, 0.003674, -0.0002861, -0.008541, -0.0002442, 0.0001052, -0.003674 ],
 [ -0.0002713, 0.0002272, -0.0001475, -0.0002861, -0.0002861, 0.01198, 0.01311, -3.2e-07, -4.003e-05, 0.0002861 ],
 [ -0.0007479, -0.0005439, 0.001157, -0.008541, -0.008541, 0.01311, 0.04363, 1.846e-05, -2.292e-05, 0.008541 ],
 [ -0.0003206, 0.0009064, -0.000139, -0.0002442, -0.0002442, -3.2e-07, 1.846e-05, 0.006389, -2.931e-05, 0.0002442 ],
 [ 0.0002461, -0.0003143, -1.409e-05, 0.0001052, 0.0001052, -4.003e-05, -2.292e-05, -2.931e-05, 0.005344, -0.0001052 ],
 [ -6.935e-05, -4.335e-06, -7.048e-05, -0.003674, -0.003674, 0.0002861, 0.008541, 0.0002442, -0.0001052, 0.003674 ]
    ], [
  [ 8.517e-05, -3.221e-05, -0.0001809, 8.084e-05, 8.084e-05, -0.0003546, -0.001229, -0.0005176, 0.000243, -8.084e-05 ],
 [ -3.221e-05, 0.0004729, -0.0003214, 8.275e-06, 8.275e-06, 0.0003482, -0.0004792, 0.001005, -0.0003896, -8.275e-06 ],
 [ -0.0001809, -0.0003214, 0.01225, 1.052e-05, 1.052e-05, 0.0001004, 0.002537, -4.776e-05, 0.0001092, -1.052e-05 ],
 [ 8.084e-05, 8.275e-06, 1.052e-05, 0.003674, 0.003674, -0.0003098, -0.00887, -0.0003036, 0.0001294, -0.003674 ],
 [ 8.084e-05, 8.275e-06, 1.052e-05, 0.003674, 0.003674, -0.0003098, -0.00887, -0.0003036, 0.0001294, -0.003674 ],
 [ -0.0003546, 0.0003482, 0.0001004, -0.0003098, -0.0003098, 0.01715, 0.01879, -0.0001033, -8.491e-05, 0.0003098 ],
 [ -0.001229, -0.0004792, 0.002537, -0.00887, -0.00887, 0.01879, 0.05599, 0.0001189, 7.132e-05, 0.00887 ],
 [ -0.0005176, 0.001005, -4.776e-05, -0.0003036, -0.0003036, -0.0001033, 0.0001189, 0.009398, 0.0001288, 0.0003036 ],
 [ 0.000243, -0.0003896, 0.0001092, 0.0001294, 0.0001294, -8.491e-05, 7.132e-05, 0.0001288, 0.007661, -0.0001294 ],
 [ -8.084e-05, -8.275e-06, -1.052e-05, -0.003674, -0.003674, 0.0003098, 0.00887, 0.0003036, -0.0001294, 0.003674 ]
    ], [
  [ 8.794e-05, -5.941e-05, -0.0001369, 8.794e-05, 8.794e-05, -0.0003906, -0.001135, -0.000532, 4.268e-05, -8.794e-05 ],
 [ -5.941e-05, 0.0006442, -0.0005161, 8.548e-06, 8.548e-06, 0.0006333, -0.0004202, 0.001622, -0.0008018, -8.548e-06 ],
 [ -0.0001369, -0.0005161, 0.01999, -3.759e-05, -3.759e-05, 0.0003788, 0.004228, -0.0003617, -5.25e-06, 3.759e-05 ],
 [ 8.794e-05, 8.548e-06, -3.759e-05, 0.003674, 0.003674, -0.0003111, -0.009208, -0.0003649, 0.0001578, -0.003674 ],
 [ 8.794e-05, 8.548e-06, -3.759e-05, 0.003674, 0.003674, -0.0003111, -0.009208, -0.0003649, 0.0001578, -0.003674 ],
 [ -0.0003906, 0.0006333, 0.0003788, -0.0003111, -0.0003111, 0.02406, 0.02726, 4.974e-05, -9.787e-05, 0.0003111 ],
 [ -0.001135, -0.0004202, 0.004228, -0.009208, -0.009208, 0.02726, 0.0731, -0.0002324, -0.0003044, 0.009208 ],
 [ -0.000532, 0.001622, -0.0003617, -0.0003649, -0.0003649, 4.974e-05, -0.0002324, 0.01343, -0.0003195, 0.0003649 ],
 [ 4.268e-05, -0.0008018, -5.25e-06, 0.0001578, 0.0001578, -9.787e-05, -0.0003044, -0.0003195, 0.01106, -0.0001578 ],
 [ -8.794e-05, -8.548e-06, 3.759e-05, -0.003674, -0.003674, 0.0003111, 0.009208, 0.0003649, -0.0001578, 0.003674 ]
    ], [
  [ 8.673e-05, -3.948e-05, -0.0004667, 8.951e-05, 8.951e-05, -0.0005796, -0.001228, -0.000672, 0.0001919, -8.951e-05 ],
 [ -3.948e-05, 0.0007824, -0.0007781, 9.457e-06, 9.457e-06, 0.0005588, -0.0004498, 0.001789, -0.0009397, -9.457e-06 ],
 [ -0.0004667, -0.0007781, 0.03086, -9.121e-05, -9.121e-05, 0.0001244, 0.006008, -0.000466, -0.0004677, 9.121e-05 ],
 [ 8.951e-05, 9.457e-06, -9.121e-05, 0.003674, 0.003674, -0.000296, -0.009396, -0.0004182, 0.000175, -0.003674 ],
 [ 8.951e-05, 9.457e-06, -9.121e-05, 0.003674, 0.003674, -0.000296, -0.009396, -0.0004182, 0.000175, -0.003674 ],
 [ -0.0005796, 0.0005588, 0.0001244, -0.000296, -0.000296, 0.03274, 0.03608, -1.245e-05, -0.0001568, 0.000296 ],
 [ -0.001228, -0.0004498, 0.006008, -0.009396, -0.009396, 0.03608, 0.09238, 0.0002112, 0.0003085, 0.009396 ],
 [ -0.000672, 0.001789, -0.000466, -0.0004182, -0.0004182, -1.245e-05, 0.0002112, 0.01816, -9.404e-05, 0.0004182 ],
 [ 0.0001919, -0.0009397, -0.0004677, 0.000175, 0.000175, -0.0001568, 0.0003085, -9.404e-05, 0.01439, -0.000175 ],
 [ -8.951e-05, -9.457e-06, 9.121e-05, -0.003674, -0.003674, 0.000296, 0.009396, 0.0004182, -0.000175, 0.003674 ]
    ], [
  [ 8.213e-05, -6.883e-05, -0.0003636, 8.718e-05, 8.718e-05, -0.0007853, -0.001392, -0.0009352, 0.0002013, -8.718e-05 ],
 [ -6.883e-05, 0.0009968, -0.0004697, 5.881e-06, 5.881e-06, 0.0005808, -0.0005981, 0.002719, -0.000969, -5.881e-06 ],
 [ -0.0003636, -0.0004697, 0.04685, -0.0001322, -0.0001322, 0.0005462, 0.007611, -9.715e-05, -0.0003326, 0.0001322 ],
 [ 8.718e-05, 5.881e-06, -0.0001322, 0.003674, 0.003674, -0.0002677, -0.009734, -0.0004708, 0.0001927, -0.003674 ],
 [ 8.718e-05, 5.881e-06, -0.0001322, 0.003674, 0.003674, -0.0002677, -0.009734, -0.0004708, 0.0001927, -0.003674 ],
 [ -0.0007853, 0.0005808, 0.0005462, -0.0002677, -0.0002677, 0.04435, 0.04986, -0.0003496, -0.0002644, 0.0002677 ],
 [ -0.001392, -0.0005981, 0.007611, -0.009734, -0.009734, 0.04986, 0.1194, 0.0001192, -0.0001841, 0.009734 ],
 [ -0.0009352, 0.002719, -9.715e-05, -0.0004708, -0.0004708, -0.0003496, 0.0001192, 0.02491, 0.0002301, 0.0004708 ],
 [ 0.0002013, -0.000969, -0.0003326, 0.0001927, 0.0001927, -0.0002644, -0.0001841, 0.0002301, 0.01921, -0.0001927 ],
 [ -8.718e-05, -5.881e-06, 0.0001322, -0.003674, -0.003674, 0.0002677, 0.009734, 0.0004708, -0.0001927, 0.003674 ]
    ], [
  [ 7.507e-05, -9.016e-05, -0.001202, 8.199e-05, 8.199e-05, -0.0001993, -0.002611, -0.0008581, 0.0004369, -8.199e-05 ],
 [ -9.016e-05, 0.00127, -0.001171, 3.365e-06, 3.365e-06, 0.001594, -0.000747, 0.003009, -0.00105, -3.365e-06 ],
 [ -0.001202, -0.001171, 0.07547, -0.0001643, -0.0001643, 0.0001761, 0.009612, -0.001237, -0.0009342, 0.0001643 ],
 [ 8.199e-05, 3.365e-06, -0.0001643, 0.003674, 0.003674, -0.0002407, -0.01, -0.0005353, 0.0002094, -0.003674 ],
 [ 8.199e-05, 3.365e-06, -0.0001643, 0.003674, 0.003674, -0.0002407, -0.01, -0.0005353, 0.0002094, -0.003674 ],
 [ -0.0001993, 0.001594, 0.0001761, -0.0002407, -0.0002407, 0.06024, 0.07028, 0.0001732, 0.0008079, 0.0002407 ],
 [ -0.002611, -0.000747, 0.009612, -0.01, -0.01, 0.07028, 0.1612, -0.0003684, -0.0003385, 0.01 ],
 [ -0.0008581, 0.003009, -0.001237, -0.0005353, -0.0005353, 0.0001732, -0.0003684, 0.03508, 0.0001952, 0.0005353 ],
 [ 0.0004369, -0.00105, -0.0009342, 0.0002094, 0.0002094, 0.0008079, -0.0003385, 0.0001952, 0.02603, -0.0002094 ],
 [ -8.199e-05, -3.365e-06, 0.0001643, -0.003674, -0.003674, 0.0002407, 0.01, 0.0005353, -0.0002094, 0.003674 ]
    ], [
  [ 6.79e-05, -9.224e-05, 0.001534, 7.59e-05, 7.59e-05, -0.001418, -0.001721, -0.0007867, 0.0008535, -7.59e-05 ],
 [ -9.224e-05, 0.001657, 0.0002859, 1.212e-07, 1.212e-07, 0.0008883, -0.0002409, 0.004892, -0.001479, -1.212e-07 ],
 [ 0.001534, 0.0002859, 0.1252, -0.0001924, -0.0001924, 0.001177, 0.01304, 0.000392, 0.001132, 0.0001924 ],
 [ 7.59e-05, 1.212e-07, -0.0001924, 0.003674, 0.003674, -0.0002336, -0.0104, -0.0006179, 0.0002369, -0.003674 ],
 [ 7.59e-05, 1.212e-07, -0.0001924, 0.003674, 0.003674, -0.0002336, -0.0104, -0.0006179, 0.0002369, -0.003674 ],
 [ -0.001418, 0.0008883, 0.001177, -0.0002336, -0.0002336, 0.09197, 0.105, -0.0001445, 0.00057, 0.0002336 ],
 [ -0.001721, -0.0002409, 0.01304, -0.0104, -0.0104, 0.105, 0.2329, -0.0003838, 0.0005686, 0.0104 ],
 [ -0.0007867, 0.004892, 0.000392, -0.0006179, -0.0006179, -0.0001445, -0.0003838, 0.05296, 0.0009047, 0.0006179 ],
 [ 0.0008535, -0.001479, 0.001132, 0.0002369, 0.0002369, 0.00057, 0.0005686, 0.0009047, 0.03722, -0.0002369 ],
 [ -7.59e-05, -1.212e-07, 0.0001924, -0.003674, -0.003674, 0.0002336, 0.0104, 0.0006179, -0.0002369, 0.003674 ]
    ], [
  [ 6.012e-05, -0.000161, -0.0002261, 6.951e-05, 6.951e-05, -0.0005201, -0.003726, -0.001881, 0.002276, -6.951e-05 ],
 [ -0.000161, 0.0025, -0.002316, -4.395e-06, -4.395e-06, 0.002484, 0.001077, 0.005402, -0.001675, 4.395e-06 ],
 [ -0.0002261, -0.002316, 0.2475, -0.0002128, -0.0002128, 0.003781, 0.01944, -0.00223, 0.0001487, 0.0002128 ],
 [ 6.951e-05, -4.395e-06, -0.0002128, 0.003674, 0.003674, -0.0002828, -0.01122, -0.0007655, 0.0002769, -0.003674 ],
 [ 6.951e-05, -4.395e-06, -0.0002128, 0.003674, 0.003674, -0.0002828, -0.01122, -0.0007655, 0.0002769, -0.003674 ],
 [ -0.0005201, 0.002484, 0.003781, -0.0002828, -0.0002828, 0.1564, 0.1858, -0.000763, 0.0004481, 0.0002828 ],
 [ -0.003726, 0.001077, 0.01944, -0.01122, -0.01122, 0.1858, 0.3942, -0.002025, -3.193e-05, 0.01122 ],
 [ -0.001881, 0.005402, -0.00223, -0.0007655, -0.0007655, -0.000763, -0.002025, 0.09442, -0.0002945, 0.0007655 ],
 [ 0.002276, -0.001675, 0.0001487, 0.0002769, 0.0002769, 0.0004481, -3.193e-05, -0.0002945, 0.06269, -0.0002769 ],
 [ -6.951e-05, 4.395e-06, 0.0002128, -0.003674, -0.003674, 0.0002828, 0.01122, 0.0007655, -0.0002769, 0.003674 ]
    ], [
  [ 5.071e-05, -0.0001942, 0.001072, 6.017e-05, 6.017e-05, 0.0006114, -0.002421, -0.0003177, 0.001438, -6.017e-05 ],
 [ -0.0001942, 0.003938, -0.0018, -9.821e-06, -9.821e-06, 0.005316, 0.001626, 0.009518, -0.002801, 9.821e-06 ],
 [ 0.001072, -0.0018, 0.578, -0.0002108, -0.0002108, 0.002395, 0.03001, -0.004611, 0.003343, 0.0002108 ],
 [ 6.017e-05, -9.821e-06, -0.0002108, 0.003674, 0.003674, -0.0005071, -0.01282, -0.001048, 0.0003655, -0.003674 ],
 [ 6.017e-05, -9.821e-06, -0.0002108, 0.003674, 0.003674, -0.0005071, -0.01282, -0.001048, 0.0003655, -0.003674 ],
 [ 0.0006114, 0.005316, 0.002395, -0.0005071, -0.0005071, 0.3334, 0.4045, 0.001451, 0.0003983, 0.0005071 ],
 [ -0.002421, 0.001626, 0.03001, -0.01282, -0.01282, 0.4045, 0.8347, 0.003456, 0.002616, 0.01282 ],
 [ -0.0003177, 0.009518, -0.004611, -0.001048, -0.001048, 0.001451, 0.003456, 0.2031, -8.043e-05, 0.001048 ],
 [ 0.001438, -0.002801, 0.003343, 0.0003655, 0.0003655, 0.0003983, 0.002616, -8.043e-05, 0.1321, -0.0003655 ],
 [ -6.017e-05, 9.821e-06, 0.0002108, -0.003674, -0.003674, 0.0005071, 0.01282, 0.001048, -0.0003655, 0.003674 ]
    ], [
  [ 4.371e-05, -0.0002332, 0.003792, 5.35e-05, 5.35e-05, -0.003645, -0.002719, -0.001445, -0.003972, -5.35e-05 ],
 [ -0.0002332, 0.007821, 0.01089, -1.697e-05, -1.697e-05, 0.004308, -0.001291, 0.02039, -0.0151, 1.697e-05 ],
 [ 0.003792, 0.01089, 1.772, -0.000121, -0.000121, 0.002466, 0.0461, 0.003783, 0.008364, 0.000121 ],
 [ 5.35e-05, -1.697e-05, -0.000121, 0.003674, 0.003674, -0.001294, -0.01671, -0.001731, 0.0005622, -0.003674 ],
 [ 5.35e-05, -1.697e-05, -0.000121, 0.003674, 0.003674, -0.001294, -0.01671, -0.001731, 0.0005622, -0.003674 ],
 [ -0.003645, 0.004308, 0.002466, -0.001294, -0.001294, 1.024, 1.268, -0.000957, -0.008164, 0.001294 ],
 [ -0.002719, -0.001291, 0.0461, -0.01671, -0.01671, 1.268, 2.575, 0.004397, -0.006475, 0.01671 ],
 [ -0.001445, 0.02039, 0.003783, -0.001731, -0.001731, -0.000957, 0.004397, 0.6302, 0.0017, 0.001731 ],
 [ -0.003972, -0.0151, 0.008364, 0.0005622, 0.0005622, -0.008164, -0.006475, 0.0017, 0.3921, -0.0005622 ],
 [ -5.35e-05, 1.697e-05, 0.000121, -0.003674, -0.003674, 0.001294, 0.01671, 0.001731, -0.0005622, 0.003674 ]
    ], [
  [ 3.404e-05, -0.0003573, 0.01098, 4.295e-05, 4.295e-05, -0.0191, -0.01402, -0.007455, -0.0177, -4.295e-05 ],
 [ -0.0003573, 0.02007, 0.0306, -2.731e-05, -2.731e-05, 0.02046, -0.01913, 0.06733, -0.01625, 2.731e-05 ],
 [ 0.01098, 0.0306, 8.959, 0.0002352, 0.0002352, 0.02057, 0.1125, 0.03937, -0.01127, -0.0002352 ],
 [ 4.295e-05, -2.731e-05, 0.0002352, 0.003674, 0.003674, -0.004273, -0.02744, -0.003566, 0.001013, -0.003674 ],
 [ 4.295e-05, -2.731e-05, 0.0002352, 0.003674, 0.003674, -0.004273, -0.02744, -0.003566, 0.001013, -0.003674 ],
 [ -0.0191, 0.02046, 0.02057, -0.004273, -0.004273, 5.583, 7.318, -0.007674, -0.007079, 0.004273 ],
 [ -0.01402, -0.01913, 0.1125, -0.02744, -0.02744, 7.318, 14.68, -0.01992, -0.04148, 0.02744 ],
 [ -0.007455, 0.06733, 0.03937, -0.003566, -0.003566, -0.007674, -0.01992, 3.609, 0.009009, 0.003566 ],
 [ -0.0177, -0.01625, -0.01127, 0.001013, 0.001013, -0.007079, -0.04148, 0.009009, 1.921, -0.001013 ],
 [ -4.295e-05, 2.731e-05, -0.0002352, -0.003674, -0.003674, 0.004273, 0.02744, 0.003566, -0.001013, 0.003674 ]
    ]
  ],
  "lambda_gen": 1000.0
}