{
  "observable_name": "mu_dsig_dpTZ_WZ_ATLAS_13TeV", 
  "measurement_name": "mu_dsig_dpTZ_WZ_ATLAS_13TeV", 
  "arxiv": "1902.05759", 
  "CDS": "http://cds.cern.ch/record/2658356", 
  "reportnumber": "CERN-EP-2018-327", 
  "DOI": "10.1140/epjc/s10052-019-7027-6", 
  "date": "2019/02/15", 
  "experiment": "CERN LHC experiment. ATLAS collaboration.", 
  "description": "Measurement of $W^{\\pm}Z$ production cross sections and gauge boson polarisation in $pp$ collisions at $\\sqrt{s} = 13$ TeV with the ATLAS detector. Signal strength for differential cross section in Z-boson pT in fiducial phase space (fig 4a). Data & correlation matrix taken from Tables 6 & 7 of http://atlas.web.cern.ch/Atlas/GROUPS/PHYSICS/PAPERS/STDM-2018-03/ or https://www.hepdata.net/record/ins1720438. Ratio to NNLO theory predictions from MATRIX taken from figure, theory uncertainties added in quadrature assuming no correlations.", 
  "value": [1.154, 1.015, 1.043, 0.948, 0.991, 1.063, 0.880], 
  "uncertainty": {
    "stat": [0.039, 0.031, 0.041, 0.056, 0.075, 0.073, 0.081],
    "syst": [0.057, 0.061, 0.062, 0.057, 0.061, 0.063, 0.076]
  }, 
  "correlation_matrix":[
    [1.000, 0.632, 0.575, 0.440, 0.386, 0.302, 0.273],
    [0.632, 1.000, 0.619, 0.522, 0.415, 0.349, 0.315],
    [0.575, 0.619, 1.000, 0.454, 0.393, 0.330, 0.314],
    [0.440, 0.522, 0.454, 1.000, 0.294, 0.318, 0.310],
    [0.386, 0.415, 0.393, 0.294, 1.000, 0.234, 0.302],
    [0.302, 0.349, 0.330, 0.318, 0.234, 1.000, 0.318],
    [0.273, 0.315, 0.314, 0.310, 0.302, 0.318, 1.000]
  ],
  "uncertainty_sigma": 1, 
  "th_flat": true
}


