{
  "observable_name": "WW_costheta_189GeV_LEPII",
  "measurement_name": "WW_costheta_189GeV_LEPII",
  "arxiv": "1302.3415 [hep-ex]",
  "CDS": "",
  "reportnumber": "CERN-PH-EP/2013-022",
  "DOI": "",
  "date": "2013/02/14",
  "experiment": "CERN LEP experiment.",
  "description": "Electroweak Measurements in Electron-Positron Collisions at W-Boson-Pair Energies at LEP",
  "value": [0.718, 0.856, 1.009, 1.101, 1.277, 1.801, 2.215, 2.823, 4.001, 5.762],
  "uncertainty": {
    "stat": [0.073, 0.078, 0.084, 0.085, 0.091, 0.119, 0.135, 0.144, 0.169, 0.208],
    "syst": [0.015, 0.015, 0.018, 0.023, 0.023, 0.031, 0.035, 0.046, 0.06, 0.081]
  },
  "uncertainty_sigma": 1,
  "th_flat": true,
  "correlation_matrix":[
    [1.000, 0.038, 0.042, 0.053, 0.049, 0.051, 0.051, 0.061, 0.067, 0.073],
    [0.038, 1.000, 0.04 , 0.049, 0.046, 0.048, 0.047, 0.057, 0.063, 0.069],
    [0.042, 0.04 , 1.000, 0.055, 0.051, 0.053, 0.053, 0.064, 0.07 , 0.076],
    [0.053, 0.049, 0.055, 1.000, 0.064, 0.066, 0.066, 0.079, 0.087, 0.095],
    [0.049, 0.046, 0.051, 0.064, 1.000, 0.062, 0.061, 0.075, 0.082, 0.089],
    [0.051, 0.048, 0.053, 0.066, 0.062, 1.000, 0.063, 0.077, 0.084, 0.091],
    [0.051, 0.047, 0.053, 0.066, 0.061, 0.063, 1.000, 0.076, 0.084, 0.091],
    [0.061, 0.057, 0.064, 0.079, 0.075, 0.077, 0.076, 1.000, 0.102, 0.11 ],
    [0.067, 0.063, 0.07 , 0.087, 0.082, 0.084, 0.084, 0.102, 1.000, 0.121],
    [0.073, 0.069, 0.076, 0.095, 0.089, 0.091, 0.091, 0.11 , 0.121, 1.000]
  ]
}
