{
  "observable": "r_ggF2j_mjj_0T350_ptH_120T200_ptHjj_25Tinf",
  "params": [ "CHG", "CuH", "CuG", "CHbox", "CG", "CHD", "CHl3", "Cll" ],

  "linear": [ 36.0, -0.1219, 1.348, 0.1212, -0.118, -0.0303, -0.1212, 0.0606 ],

  "quadratic": [
  [ 329.0, -1.099, 12.05, 1.09, -0.162, -0.2725, -1.09, 0.545 ],
 [ -1.099, 0.00371, -0.0411, -0.003695, 0.00359, 0.00092375, 0.003695, -0.0018475 ],
 [ 12.05, -0.0411, 0.463, 0.04085, -0.04035, -0.0102125, -0.04085, 0.020425 ],
 [ 1.09, -0.003695, 0.04085, 0.00368, -0.00357, -0.00092, -0.00368, 0.00184 ],
 [ -0.162, 0.00359, -0.04035, -0.00357, 0.0338, 0.0008925, 0.00357, -0.001785 ],
 [ -0.2725, 0.00092375, -0.0102125, -0.00092, 0.0008925, -0.000223125, -0.0008925, 0.00044625 ],
 [ -1.09, 0.003695, -0.04085, -0.00368, 0.00357, -0.0008925, -0.00357, 0.001785 ],
 [ 0.545, -0.0018475, 0.020425, 0.00184, -0.001785, 0.00044625, 0.001785, -0.0008925 ]
  ],
  "lambda_gen": 1000.0
}