{
  "observable_group_name": "ttX_Run2", 
  "datafile": "", 
  "description": "Latest top data, ttX_Run2", 
  "observables": [
    {
      "observable_name": "mu_ttW_13TeV", 
      "measurement_name": "mu_ttW_13TeV_ATLAS", 
      "datafile": "ttX/mu_ttW_13TeV_ATLAS.json", 
      "arxiv": "1901.03584", 
      "CDS": "http://cds.cern.ch/record/2653428", 
      "reportnumber": "CERN-EP-2018-331", 
      "DOI": "10.1103/PhysRevD.99.072009", 
      "date": "2019/01/11", 
      "experiment": "CERN LHC Run 2, ATLAS", 
      "description": "Measurement of the $t\\bar{t}Z$ and $t\\bar{t}W$ cross sections in proton-proton collisions at $\\sqrt{s}=13$ TeV with the ATLAS detector. Measured ttW signal strength", 
      "value": 1.44, 
      "uncertainty": {
        "tot": 0.32
      }, 
      "uncertainty_sigma": 1, 
      "th_flat": true
    }, 
    {
      "observable_name": "mu_ttZ_13TeV", 
      "measurement_name": "mu_ttZ_13TeV_ATLAS", 
      "datafile": "ttX/mu_ttZ_13TeV_ATLAS.json", 
      "arxiv": "1901.03584", 
      "CDS": "http://cds.cern.ch/record/2653428", 
      "reportnumber": "CERN-EP-2018-331", 
      "DOI": "10.1103/PhysRevD.99.072009", 
      "date": "2019/01/11", 
      "experiment": "CERN LHC Run 2, ATLAS", 
      "description": "Measurement of the $t\\bar{t}Z$ and $t\\bar{t}W$ cross sections in proton-proton collisions at $\\sqrt{s}=13$ TeV with the ATLAS detector. Measured ttZ signal strength.", 
      "value": 1.08, 
      "uncertainty": {
        "tot": 0.14
      }, 
      "uncertainty_sigma": 1, 
      "th_flat": true
    }, 
    {
      "observable_name": "mu_ttW_13TeV", 
      "measurement_name": "mu_ttW_13TeV_CMS", 
      "datafile": "ttX/mu_ttW_13TeV_CMS.json", 
      "arxiv": "1711.02547", 
      "CDS": "http://cds.cern.ch/record/2292059", 
      "reportnumber": "CMS-TOP-17-005", 
      "DOI": "10.1007/JHEP08(2018)011", 
      "date": "2017/11/07", 
      "experiment": "CERN LHC Run 2, CMS", 
      "description": "Measurement of the cross section for top quark pair production in association with a W or Z boson in proton-proton collisions at $\\sqrt{s} =$ 13 TeV. Measured ttW signal strength.", 
      "value": 1.23, 
      "uncertainty": {
        "syst": [ 0.2, 0.18 ],
 
        "stat": [ 0.19, 0.18 ]
      }, 
      "uncertainty_sigma": 1, 
      "th_flat": true
    }, 
    {
      "observable_name": "mu_dsig_dptZ_ttZ_13TeV_CMS", 
      "measurement_name": "mu_dsig_dptZ_ttZ_13TeV_CMS", 
      "datafile": "ttX/mu_dsig_dptZ_ttZ_13TeV_CMS.json", 
      "arxiv": "1907.11270", 
      "CDS": "http://cds.cern.ch/record/2684052", 
      "reportnumber": "CMS-TOP-18-009", 
      "DOI": "10.1007/JHEP03(2020)056", 
      "date": "2019/07/26", 
      "experiment": "CERN LHC experiment. CMS collaboration.", 
      "description": "Measurement of top quark pair production in association with a Z boson in proton-proton collisions at $\\sqrt{s} = $ 13 TeV. Measured parton-level, absolute differential cross section with respect to Z-boson pT, Figure 5-a (http://cms-results.web.cern.ch/cms-results/public-results/publications/TOP-18-009/). Normalised to NLO + NNLL prediction on plot. Relative th. and exp. uncertainties combined for signal strength.", 
      "value": [ 1.063, 1.153, 1.11, 0.943 ],
 
      "uncertainty": {
        "tot": [ 0.198, 0.171, 0.173, 0.206 ]
      }, 
      "uncertainty_sigma": 1, 
      "th_flat": true, 
      "correlation_matrix": [
  [ 1.0, 0.0, 0.0, 0.0 ],
 [ 0.0, 1.0, 0.0, 0.0 ],
 [ 0.0, 0.0, 1.0, 0.0 ],
 [ 0.0, 0.0, 0.0, 1.0 ]
      ]
    }, 
    {
      "observable_name": "mu_dsig_dptgamma_ttgamma_13TeV_ATLAS", 
      "measurement_name": "mu_dsig_dptgamma_ttgamma_13TeV_ATLAS", 
      "datafile": "ttX/mu_dsig_dptgamma_ttgamma_13TeV_ATLAS.json", 
      "arxiv": "2007.06946", 
      "CDS": "http://cds.cern.ch/record/2723838", 
      "reportnumber": "CERN-EP-2020-100", 
      "DOI": "10.1007/JHEP09(2020)049", 
      "date": "2020/07/15", 
      "experiment": "CERN LHC experiment. ATLAS collaboration.", 
      "description": "Measurements of inclusive and differential cross-sections of combined t-tbar-gamma and t-W-gamma production in the e-mu channel at 13 TeV with the ATLAS detector. Data obtained from https://atlas.web.cern.ch/Atlas/GROUPS/PHYSICS/PAPERS/TOPQ-2020-03/. Signal strength and uncertainties for absolute differential pT(gamma) distribution (Fig. 7a) taken from theory/data comparision to NLO (refs [10,11]). Correlation matrix not provided by estimated by assuming uncorrelated errors for the normalised disctribution (Fig. 8a) and combining them with the cross section measurement and uncertainties (39.6 +2.7 -2.3 fb) into an appoximate covariance matrix for the absolute differential distribution.", 
      "value": [ 1.067, 1.127, 1.123, 1.07, 0.996, 0.968, 1.018, 0.956, 1.016, 0.862, 1.176 ],
 
      "uncertainty": {
        "tot": [
  [ 0.132, 0.138 ],
 [ 0.113, 0.117 ],
 [ 0.107, 0.118 ],
 [ 0.105, 0.118 ],
 [ 0.123, 0.138 ],
 [ 0.097, 0.114 ],
 [ 0.082, 0.104 ],
 [ 0.107, 0.135 ],
 [ 0.125, 0.169 ],
 [ 0.107, 0.153 ],
 [ 0.124, 0.237 ]
        ]
      }, 
      "uncertainty_sigma": 1, 
      "th_flat": true, 
      "correlation_matrix": [
  [ 1.0, 0.341, 0.324, 0.293, 0.254, 0.243, 0.279, 0.233, 0.233, 0.198, 0.191 ],
 [ 0.341, 1.0, 0.434, 0.392, 0.341, 0.326, 0.374, 0.312, 0.312, 0.266, 0.256 ],
 [ 0.324, 0.434, 1.0, 0.373, 0.324, 0.309, 0.355, 0.296, 0.296, 0.253, 0.243 ],
 [ 0.293, 0.392, 0.373, 1.0, 0.293, 0.28, 0.321, 0.268, 0.268, 0.228, 0.22 ],
 [ 0.254, 0.341, 0.324, 0.293, 1.0, 0.243, 0.279, 0.233, 0.233, 0.198, 0.191 ],
 [ 0.243, 0.326, 0.309, 0.28, 0.243, 1.0, 0.267, 0.223, 0.223, 0.19, 0.183 ],
 [ 0.279, 0.374, 0.355, 0.321, 0.279, 0.267, 1.0, 0.255, 0.255, 0.218, 0.21 ],
 [ 0.233, 0.312, 0.296, 0.268, 0.233, 0.223, 0.255, 1.0, 0.213, 0.182, 0.175 ],
 [ 0.233, 0.312, 0.296, 0.268, 0.233, 0.223, 0.255, 0.213, 1.0, 0.182, 0.175 ],
 [ 0.198, 0.266, 0.253, 0.228, 0.198, 0.19, 0.218, 0.182, 0.182, 1.0, 0.149 ],
 [ 0.191, 0.256, 0.243, 0.22, 0.191, 0.183, 0.21, 0.175, 0.175, 0.149, 1.0 ]
      ]
    }, 
    {
      "observable_name": "mu_ttH_13TeV", 
      "measurement_name": "mu_ttH_13TeV_CMS", 
      "datafile": "ttX/mu_ttH_CMS.json", 
      "CDS": "http://cds.cern.ch/record/2706103", 
      "reportnumber": "CMS-PAS-HIG-19-005", 
      "DOI": "", 
      "date": "2020/01/10", 
      "experiment": "CERN LHC Run 2, CMS", 
      "description": "Higgs boson signal strength for top-pair-associated production (Figure 2)", 
      "value": 1.21, 
      "uncertainty": {
        "stat": 0.17, 
        "tot": [ 0.2, 0.18 ]
      }, 
      "uncertainty_sigma": 1, 
      "th_flat": true
    }, 
    {
      "observable_name": "mu_ttH_13TeV", 
      "measurement_name": "mu_ttH_13TeV_ATLAS", 
      "datafile": "ttX/mu_ttH_ATLAS.json", 
      "CDS": "https://cds.cern.ch/record/2688596", 
      "reportnumber": "CERN-EP-2019-097", 
      "DOI": "10.1103/PhysRevD.101.012002", 
      "date": "06/09/2019", 
      "experiment": "CERN LHC Run 2, ATLAS", 
      "description": "Higgs boson signal strength for top-pair-associated production (Table 2)", 
      "value": 1.14, 
      "uncertainty": {
        "syst": [ 0.17, 0.15 ],
 
        "stat": 0.13
      }, 
      "uncertainty_sigma": 1, 
      "th_flat": true
    }
  ], 
  "correlation_matrix": [
  [ 1.0, 0.0, 0.0, 0.0, 0.0, 0.0, 0.0 ],
 [ 0.0, 1.0, 0.0, 0.0, 0.0, 0.0, 0.0 ],
 [ 0.0, 0.0, 1.0, 0.0, 0.0, 0.0, 0.0 ],
 [ 0.0, 0.0, 0.0, 1.0, 0.0, 0.0, 0.0 ],
 [ 0.0, 0.0, 0.0, 0.0, 1.0, 0.0, 0.0 ],
 [ 0.0, 0.0, 0.0, 0.0, 0.0, 1.0, 0.0 ],
 [ 0.0, 0.0, 0.0, 0.0, 0.0, 0.0, 1.0 ]
  ]
}