{
  "observable_name": "mu_dsig_dmtt_ttbar_dilep_8TeV_CMS", 
  "measurement_name": "mu_dsig_dmtt_ttbar_dilep_8TeV_CMS", 
  "arxiv": "1505.04480", 
  "CDS": "http://cds.cern.ch/record/2016641", 
  "reportnumber": "CMS-TOP-12-028", 
  "DOI": "10.1140/epjc/s10052-015-3709-x", 
  "date": "2015/05/17", 
  "experiment": "CERN LHC Run 2, CMS", 
  "description": "Measurement of the differential cross section for top quark pair production in pp collisions at $\\sqrt{s} =$ 8 TeV.  HepData record, https://www.hepdata.net/record/ins1370682. Measured full phase space normalised differential cross-section in ttbar invariant mass, Figure 14 c) & Table A.12  in preprint. Bin edges: [ 340.  380.  470.  620.  820. 1100. 1600.]. Converted to absolute differential cross section by scaling to CMS inclusive measurement (https://cds.cern.ch/record/2137231) and normalised to theory prediction obtained with fastNLO: https://fastnlo.hepforge.org/ using tables from 1704.08551, http://www.precision.hep.phy.cam.ac.uk/results/ttbar-fastnlo/. No correlation matrix provided, only contribution to covariance from converting normalised to absolute included.", 
  "value": [1.188, 0.991, 0.921, 0.883, 0.801, 0.454], 
  "uncertainty": {
    "stat": [0.0401, 0.0231, 0.022 , 0.0284, 0.0321, 0.0659],
    "syst": [0.1468, 0.0929, 0.0816, 0.0883, 0.1059, 0.1419]
  },
  "uncertainty_sigma": 1, 
  "th_flat": true,
  "correlation_matrix":[
    [1.0  , 0.136, 0.146, 0.121, 0.086, 0.032],
    [0.136, 1.0  , 0.21 , 0.174, 0.124, 0.047],
    [0.146, 0.21 , 1.0  , 0.187, 0.134, 0.05 ],
    [0.121, 0.174, 0.187, 1.0  , 0.111, 0.042],
    [0.086, 0.124, 0.134, 0.111, 1.0  , 0.03 ],
    [0.032, 0.047, 0.05 , 0.042, 0.03 , 1.0  ]
  ]
}