{
  "mu_dsig_dabsyt_ttbar_8TeV": {
    "params": [ "CtG", "CQq38", "CQq18", "Ctq8", "CQu8", "Ctu8", "CQd8", "Ctd8", "CG" ],
 
    "constant": [ 1.0, 1.0, 1.0, 1.0, 1.0 ],
 
    "linear": [
  [ 0.2802, 0.00275, 0.0162, 0.016149999999999998, 0.0095, 0.00971, 0.0069, 0.006805, 0.0613 ],
 [ 0.2802, 0.0029, 0.01715, 0.017445000000000002, 0.0104, 0.0103, 0.00716, 0.00675, 0.0611 ],
 [ 0.2755, 0.00415, 0.0188, 0.0186, 0.0116, 0.011349999999999999, 0.0072, 0.007050000000000001, 0.0633 ],
 [ 0.27115, 0.0062, 0.02114, 0.0213, 0.01405, 0.0138, 0.0076100000000000004, 0.007549999999999999, 0.0679 ],
 [ 0.2615, 0.011300000000000001, 0.02775, 0.027450000000000002, 0.019, 0.01925, 0.00805, 0.00818, 0.0753 ]
    ], 
    "quadratic": [
  [ [ 0.04392, 0.0001975, 0.0010925, 0.001065, 0.0006575, 0.000615, 0.00045, 0.000445, 0.00765 ],
 [ 0.0001975, 0.0027945, 0.000765, 7.999999999999999e-05, 0.0, 0.0, 0.0, 0.0, 0.0 ],
 [ 0.0010925, 0.000765, 0.0027984999999999998, 0.0004575, 0.0, 0.0, 0.0, 0.0, 0.0 ],
 [ 0.001065, 7.999999999999999e-05, 0.0004575, 0.002849, 0.0, 0.0, 0.0, 0.0, 0.0 ],
 [ 0.0006575, 0.0, 0.0, 0.0, 0.001804, 0.00026675, 0.0, 0.0, 0.0 ],
 [ 0.000615, 0.0, 0.0, 0.0, 0.00026675, 0.0017835, 0.0, 0.0, 0.0 ],
 [ 0.00045, 0.0, 0.0, 0.0, 0.0, 0.0, 0.0010379999999999999, 0.000194, 0.0 ],
 [ 0.000445, 0.0, 0.0, 0.0, 0.0, 0.0, 0.000194, 0.001019, 0.0 ],
 [ 0.00765, 0.0, 0.0, 0.0, 0.0, 0.0, 0.0, 0.0, 0.0253 ]
      ], [
  [ 0.042679999999999996, 0.0002325, 0.00112, 0.00115, 0.0006725, 0.000675, 0.000445, 0.0004575, 0.0105 ],
 [ 0.0002325, 0.002822, 0.0008, 9.750000000000001e-05, 0.0, 0.0, 0.0, 0.0, 0.0 ],
 [ 0.00112, 0.0008, 0.0028275, 0.00048625000000000003, 0.0, 0.0, 0.0, 0.0, 0.0 ],
 [ 0.00115, 9.750000000000001e-05, 0.00048625000000000003, 0.0028599999999999997, 0.0, 0.0, 0.0, 0.0, 0.0 ],
 [ 0.0006725, 0.0, 0.0, 0.0, 0.0018365, 0.000287, 0.0, 0.0, 0.0 ],
 [ 0.000675, 0.0, 0.0, 0.0, 0.000287, 0.0018085, 0.0, 0.0, 0.0 ],
 [ 0.000445, 0.0, 0.0, 0.0, 0.0, 0.0, 0.0010323, 0.00019725, 0.0 ],
 [ 0.0004575, 0.0, 0.0, 0.0, 0.0, 0.0, 0.00019725, 0.001018, 0.0 ],
 [ 0.0105, 0.0, 0.0, 0.0, 0.0, 0.0, 0.0, 0.0, 0.0488 ]
      ], [
  [ 0.040125, 0.00031249999999999995, 0.00125, 0.00124, 0.0007624999999999999, 0.0007825, 0.00047000000000000004, 0.0004775, 0.0105 ],
 [ 0.00031249999999999995, 0.0029119999999999997, 0.0008925, 0.000118, 0.0, 0.0, 0.0, 0.0, 0.0 ],
 [ 0.00125, 0.0008925, 0.0029075, 0.00052225, 0.0, 0.0, 0.0, 0.0, 0.0 ],
 [ 0.00124, 0.000118, 0.00052225, 0.0029325, 0.0, 0.0, 0.0, 0.0, 0.0 ],
 [ 0.0007624999999999999, 0.0, 0.0, 0.0, 0.0019085, 0.00031475000000000003, 0.0, 0.0, 0.0 ],
 [ 0.0007825, 0.0, 0.0, 0.0, 0.00031475000000000003, 0.0018901500000000002, 0.0, 0.0, 0.0 ],
 [ 0.00047000000000000004, 0.0, 0.0, 0.0, 0.0, 0.0, 0.001026, 0.000198, 0.0 ],
 [ 0.0004775, 0.0, 0.0, 0.0, 0.0, 0.0, 0.000198, 0.0010165, 0.0 ],
 [ 0.0105, 0.0, 0.0, 0.0, 0.0, 0.0, 0.0, 0.0, 0.0736 ]
      ], [
  [ 0.0369, 0.0003875, 0.00131, 0.0012950000000000001, 0.0008975000000000001, 0.0008424999999999999, 0.0004775, 0.000465, 0.0085 ],
 [ 0.0003875, 0.003085, 0.00102, 0.000175, 0.0, 0.0, 0.0, 0.0, 0.0 ],
 [ 0.00131, 0.00102, 0.003088, 0.00058, 0.0, 0.0, 0.0, 0.0, 0.0 ],
 [ 0.0012950000000000001, 0.000175, 0.00058, 0.003078, 0.0, 0.0, 0.0, 0.0, 0.0 ],
 [ 0.0008975000000000001, 0.0, 0.0, 0.0, 0.002047, 0.00038, 0.0, 0.0, 0.0 ],
 [ 0.0008424999999999999, 0.0, 0.0, 0.0, 0.00038, 0.0020565, 0.0, 0.0, 0.0 ],
 [ 0.0004775, 0.0, 0.0, 0.0, 0.0, 0.0, 0.00102185, 0.000202, 0.0 ],
 [ 0.000465, 0.0, 0.0, 0.0, 0.0, 0.0, 0.000202, 0.0010275, 0.0 ],
 [ 0.0085, 0.0, 0.0, 0.0, 0.0, 0.0, 0.0, 0.0, 0.13 ]
      ], [
  [ 0.030645, 0.0006575, 0.0016625, 0.0016524999999999999, 0.001095, 0.00118, 0.00048249999999999996, 0.00051, 0.018 ],
 [ 0.0006575, 0.00369, 0.001485, 0.0002925, 0.0, 0.0, 0.0, 0.0, 0.0 ],
 [ 0.0016625, 0.001485, 0.003691, 0.0006975, 0.0, 0.0, 0.0, 0.0, 0.0 ],
 [ 0.0016524999999999999, 0.0002925, 0.0006975, 0.003546, 0.0, 0.0, 0.0, 0.0, 0.0 ],
 [ 0.001095, 0.0, 0.0, 0.0, 0.0025095, 0.0005, 0.0, 0.0, 0.0 ],
 [ 0.00118, 0.0, 0.0, 0.0, 0.0005, 0.0025855, 0.0, 0.0, 0.0 ],
 [ 0.00048249999999999996, 0.0, 0.0, 0.0, 0.0, 0.0, 0.001054, 0.00020375, 0.0 ],
 [ 0.00051, 0.0, 0.0, 0.0, 0.0, 0.0, 0.00020375, 0.00111, 0.0 ],
 [ 0.018, 0.0, 0.0, 0.0, 0.0, 0.0, 0.0, 0.0, 0.0592 ]
      ]
    ], 
    "lambda_gen": 1000.0
  }
}